Temperature	0	20	40	60	80	100	120	140	160	180	200	220	240	260
														
Acetic Acid	28.0 	5.60 	1.40 	0.427 	0.137 	0.045 	0.017 	0.008 	0.004 	0.002 	0.001 			
Methyl Acetate	43.0 	8.00 	1.60 	0.443 	0.154 	0.054 	0.020 	0.009 	0.004 	0.002 	0.001 			
Ethyl Acetate	230	34.0 	6.30 	1.50 	0.449 	0.132 	0.042 	0.016 	0.008 	0.004 	0.002 	0.001 		
Propionic Acid	213	32.0 	6.30 	1.60 	0.460 	0.149 	0.051 	0.019 	0.009 	0.004 	0.002 	0.001 		
Butric Acid	1,000	140	22.0 	5.00 	1.25 	0.413 	0.120 	0.042 	0.018 	0.008 	0.004 	0.002 	0.001 	
Propyl Acetate	1,580	178	28.0 	5.60 	1.40 	0.369 	0.106 	0.039 	0.014 	0.006 	0.003 	0.001 		
Pentanoic Acid	7,000	700	100	18.0 	4.20 	1.00 	0.300 	0.100 	0.038 	0.014 	0.006 	0.003 	0.001 	
Butyl Acetate	10,000	880	120	20.0 	4.10 	0.95 	0.289 	0.085 	0.028 	0.011 	0.005 	0.002 	0.001 	
Hexanoic Acid	35,000	3,100	380	56.0 	11.0 	2.50 	0.700 	0.220 	0.070 	0.026 	0.010 	0.005 	0.002 	0.001 
Pentyl Acetate	56,000	4,700	480	63.0 	12.0 	2.50 	0.736 	0.205 	0.055 	0.020 	0.009 	0.004 	0.002 	0.001 
Hexyl Acetate	700,000	45,000	3,800	430	56.0 	10.0 	2.20 	0.600 	0.170 	0.052 	0.019 	0.007 	0.003 	0.001 

